    "camera_param": {
      "fx": 1255.1,
      "fy": 1261.1,
      "u0": 620.0,
      "v0": 528.8,
      "k1": -0.2241,
      "k2": 0.2059,
      "k3": -0.1233,
      "p1": 0.0005374,
      "p2": 0.0006287,
      "exposure_time": 5000,
      "gain": 8,
      "gamma": 2
    },